, 200, 200, 230,   5, -0.27500,  0.00000,  gas          , Air,
, 220, 220, 230,  32,  0.06250,  0.00000,  gas          , Steam,
, 128, 128, 128,  32,  0.06250,  0.00000,  gas          , Thin_Smoke,
, 128, 128, 128,  64,  0.06250,  0.00000,  gas          , Smoke,
, 128, 128, 128, 128,  0.06250,  0.00000,  gas          , Thick_Smoke,
, 255, 255,   0, 200, -0.32500,  0.00000,  plasma       , Flare,
, 255, 200,   0, 200, -0.30000,  0.00000,  plasma       , Flame,
, 255, 180,   0, 200, -0.27500,  0.00000,  plasma       , Fire,
, 230, 230, 230,  64,  0.12500,  0.00000,  fume         , Fog,
, 255, 255, 255, 255,  0.12500,  0.00000,  fluid        , Milk,
, 128, 128, 128, 255,  0.12500,  0.00000,  fluid        , Molten_Slag,
,  10,  10,  10, 255,  0.12500,  0.00000,  fluid        , Oil,
,   0,   0, 128, 128,  0.05000,  0.00000,  fluid        , Water,
,   0,  64, 128, 128,  0.07500,  0.00000,  fluid        , Brine,
, 128,   0,   0, 255,  0.10000,  0.00000,  fluid        , Blood,
, 230, 200,   0, 212,  0.10000,  0.00000,  gel          , Honey,
, 254,  80,   0, 255, -0.47500,  0.00000,  gel          , Lava,
,  20,  16,  12, 255,  0.12000,  0.00000,  gel          , Muck,
,  58,  32,  16, 255,  0.12000,  0.00000,  gel          , Mud,
, 220, 220, 245, 128,  0.12500,  0.00000,  grain        , Broken_Glass,
, 225, 225, 225, 255,  0.12500,  0.00000,  grain        , Ash,
, 255, 100,   0, 255, -0.25000,  0.00000,  grain        , Ember,
, 230, 230, 128, 255,  0.12500,  0.00000,  grain        , Sand,
, 255, 255, 255, 255,  0.12500,  0.00000,  grain        , Snow,
, 200, 200, 200, 212,  0.12500,  0.00000,  grain        , Sleet,
, 240, 240, 240, 255,  0.12500,  0.00000,  grain        , Salt,
, 130, 120, 140, 255,  0.12500,  0.00000,  grain        , Silt,
, 110, 105, 100, 255,  0.12500,  0.00000,  grain        , Gravel,
, 130,  80,  64, 255, -0.05000,  0.00000,  grain        , Acorn,
,  16,  10,   8, 255,  0.12500,  0.00000,  grain        , Charcoal,
,  80,  64,  32, 255,  0.13000,  0.00000,  loose        , Loose_Dirt,
,  24,  16,  12, 255,  0.12500,  0.00000,  solid        , Charred_Wood,
, 180, 180, 200, 128,  0.12500,  0.00000,  solid        , Ice,
,  80,  64,  32, 255,  0.12500,  0.00000,  solid        , Dirt,
,  24,  20,  16, 255,  0.12500,  0.00000,  solid        , Soil,
, 160,  80,  20, 255,  0.12500,  0.00000,  solid        , Clay,
, 240, 240, 200, 255,  0.12500,  0.00000,  solid        , Bone,
,  20,  15,  10, 255,  0.12500,  0.00000,  solid        , Fossil,
, 120, 100,  80, 255,  0.12500,  0.00000,  solid        , Slate,
,  64, 132, 148, 255,  0.12500,  0.00000,  solid        , Asbestos,
,  32,  16,   8, 255,  0.12500,  0.00000,  solid        , Obsidian,
,  64,  64,  64, 255,  0.15000,  0.00000,  solid        , Stone,
,  80,  80,  80, 255,  0.15000,  0.00000,  solid        , Granite,
, 128, 128, 128, 255,  0.15000,  0.00000,  solid        , Limestone,
, 200, 200, 100, 255,  0.15000,  0.00000,  solid        , Sandstone,
, 120,  80,  64, 255,  0.12500,  0.00000,  plantproduct , Wood,
, 200, 200, 230, 255,  0.12500,  0.00000,  solid        , Platinum,
, 245, 230,   0, 255,  0.12500,  0.00000,  solid        , Gold,
, 160, 160, 200, 255,  0.12500,  0.00000,  solid        , Silver,
, 128,  60,   0, 255,  0.12500,  0.00000,  solid        , Copper,
,  16,  32,  48, 255,  0.12500,  0.00000,  solid        , Lead,
, 180, 200, 100, 255,  0.12500,  0.00000,  solid        , Tin,
, 140, 100, 100, 255,  0.12500,  0.00000,  solid        , Iron,
,  80, 100, 140, 255,  0.12500,  0.00000,  solid        , Cobalt,
, 100, 100, 100, 255,  0.12500,  0.00000,  solid        , Nickel,
, 100, 110, 120, 255,  0.12500,  0.00000,  solid        , Titanium,
,  50,  55,  60, 255,  0.12500,  0.00000,  solid        , Tungsten,
,   0, 210,  20, 212,  0.12500,  0.00000,  solid        , Jade,
, 180,   0,   0, 160,  0.12500,  0.00000,  solid        , Ruby,
, 180, 140,   0, 192,  0.12500,  0.00000,  solid        , Amber,
,   0,   0, 200, 212,  0.12500,  0.00000,  solid        , Lapis,
, 230, 180,   0, 160,  0.12500,  0.00000,  solid        , Topaz,
, 250, 250, 250, 160,  0.12500,  0.00000,  solid        , Diamond,
,   0, 180,  90, 160,  0.12500,  0.00000,  solid        , Emerald,
, 150, 100, 200, 160,  0.12500,  0.00000,  solid        , Amethyst,
,  15,  80, 185, 160,  0.12500,  0.00000,  solid        , Sapphire,
, 220, 220, 245,  64,  0.12500,  0.00000,  solid        , Glass,
,  25,  20,  20, 255,  0.12500,  1.00000,  solid        , Mantle,
,  10,  10,  10, 255,  0.12500,  0.00000,  boom         , Bomb,
, 255,   0,   0, 255,  0.12500,  0.00000,  boom         , Dynamite,
, 120,  80,  48, 255,  0.12500,  0.00000,  platform     , Planks,
,  80,  80,  80, 255,  0.12500,  0.00000,  plumbing     , Valve_(Closed),
,  80,  80,  80, 255,  0.12500,  0.00000,  plumbing     , Valve_(Open),
,  80,  80,  80, 255,  0.12500,  0.00000,  plumbing     , Pump,
, 100, 100, 100, 255,  0.12500,  0.00000,  plumbing     , Pipe,
, 100, 100, 110, 255,  0.12500,  0.00000,  plumbing     , Pipe_(Water),
, 100, 100, 110, 255,  0.12500,  0.00000,  plumbing     , Pipe_(Brine),
, 110, 110, 100, 255,  0.12500,  0.00000,  plumbing     , Pipe_(Honey),
, 110, 100, 100, 255,  0.12500,  0.00000,  plumbing     , Pipe_(Blood),
, 130, 120, 100, 255,  0.12500,  0.00000,  plumbing     , Pipe_(Lava),
, 120, 110, 100, 255,  0.12500,  0.00000,  plumbing     , Pipe_(Muck),
, 130, 120, 110, 255,  0.12500,  0.00000,  plumbing     , Pipe_(Mud),
,  60,  60,  60, 255,  0.12500,  0.00000,  plumbing     , Drain,
, 100, 100, 100, 255,  0.12500,  0.00000,  plumbing     , Gutter,
, 100, 100, 110, 255,  0.12500,  0.00000,  plumbing     , Gutter_(Water),
, 100, 100, 110, 255,  0.12500,  0.00000,  plumbing     , Gutter_(Brine),
, 110, 110, 100, 255,  0.12500,  0.00000,  plumbing     , Gutter_(Honey),
, 110, 100, 100, 255,  0.12500,  0.00000,  plumbing     , Gutter_(Blood),
, 130, 120, 100, 255,  0.12500,  0.00000,  plumbing     , Gutter_(Lava),
, 120, 110, 100, 255,  0.12500,  0.00000,  plumbing     , Gutter_(Muck),
, 130, 120, 110, 255,  0.12500,  0.00000,  plumbing     , Gutter_(Mud),
,  40,  40,  50, 255,  0.12500,  0.00000,  gizmo        , Axle_(Left),
,  40,  40,  50, 255,  0.12500,  0.00000,  gizmo        , Axle_(Right),
,  60,  50,  50, 255,  0.12500,  0.00000,  gizmo        , Conveyor_(Left),
,  60,  50,  50, 255,  0.12500,  0.00000,  gizmo        , Conveyor_(Right),
,  75,  75,  75, 255,  0.12500,  0.00000,  gizmo        , Piston_(Up),
,  75,  75,  75, 255,  0.12500,  0.00000,  gizmo        , Piston_(Down),
,  75,  75,  75, 255,  0.12500,  0.00000,  gizmo        , Piston_(Left),
,  75,  75,  75, 255,  0.12500,  0.00000,  gizmo        , Piston_(Right),
, 116,  56,   0, 255,  0.12500,  0.00000,  logic        , Wire,
, 116,  64,   0, 255,  0.12500,  0.00000,  logic        , Wire_(C),
, 132,  72,   0, 255, -0.12500,  0.00000,  logic        , Wire_(I),
, 100,  52,   0, 255,  0.12500,  0.00000,  logic        , Wire_(O),
, 216, 116,   0, 255,  0.12500,  0.00000,  logic        , Gold_Wire,
, 216, 116,   0, 255,  0.12500,  0.00000,  logic        , Gold_Wire_(C),
, 232, 132,   0, 255, -0.12500,  0.00000,  logic        , Gold_Wire_(I),
, 200, 100,   0, 255,  0.12500,  0.00000,  logic        , Gold_Wire_(O),
,  25,  25,  25, 255,  0.12500,  0.00000,  logic        , OR_Gate,
,  50,  15,  15, 255,  0.12500,  0.00000,  logic        , XOR_Gate,
,  50,  25,   0, 255,  0.12500,  0.00000,  logic        , XNOR_Gate,
,  75,   0,   0, 255,  0.12500,  0.00000,  logic        , NOT_Gate,
,   0,  25,  50, 255,  0.12500,  0.00000,  logic        , AND_Gate,
,   0,   0,  75, 255,  0.12500,  0.00000,  logic        , NAND_Gate,
,  56,  48,  40, 255,  0.12500,  0.00000,  plant        , Root,
,  48,  32,  24, 255,  0.12500,  0.00000,  plant        , Taproot,
,  64,  48,  32, 255,  0.12750,  0.00000,  plant        , Trunk,
,  72,  56,  40, 255,  0.12000,  0.00000,  plant        , Branch,
,  80,  64,  48, 255,  0.11250,  0.00000,  plant        , Stick,
,  40,  80,   0, 225,  0.10000,  0.00000,  plant        , Leaves,
,   0, 128,   0, 255, -0.06200,  0.00000,  plant        , Grass,
,  20,  80,   0, 255,  0.12500,  0.00000,  plant        , Moss,
, 128,   0, 100, 255,  0.12500,  0.00000,  plant        , Spiderwort,
,   0,  80,   0, 255,  0.12500,  0.00000,  critter      , Frog,
,   8,  96,   0, 255,  0.12500,  0.00000,  critter      , Frog_Legs,
, 100,  80,  40, 255,  0.12500,  0.00000,  critter      , Toad,
, 116,  96,  48, 255,  0.12500,  0.00000,  critter      , Toad_Legs,
, 100, 100, 100, 255,  0.12500,  0.00000,  critter      , Mouse,
,  25,  15,  10, 255,  0.12500,  0.00000,  critter      , Mole,
,  80,  80,  80, 255,  0.12500,  0.00000,  critter      , Rat,
, 100,  80,  80, 255,  0.12500,  0.00000,  critter      , Hedgehog,
,   0, 200,   0, 255,  0.12500,  0.00000,  critter      , Snake_Head,
,   0, 200,   0, 255,  0.12500,  0.00000,  critter      , Snake,
,   0, 200,   0, 255,  0.12500,  0.00000,  critter      , Snake_Tail,
, 255, 255, 255, 255,  0.12500,  0.00000,  critter      , Bird_Wing,
, 225, 225, 225, 255,  0.12500,  0.00000,  critter      , Bird,
,  20,  20,  20, 255,  0.12500,  0.00000,  critter      , Bat_Wing,
,  10,  10,  10, 255,  0.12500,  0.00000,  critter      , Bat,
