23
0
4
1
0
100
20
80
0
0
0
0
23
0
4
1
0
100
50
80
0
0
0
0
52
0
8
1
0
100
95
100
0
0
0
0
52
0
16
1
0
100
97
100
0
0
0
0
23
2
0
4
0
100
15
80
25
50
100
100
23
2
0
4
0
100
40
80
25
50
100
100
23
2
0
4
0
100
60
60
50
25
100
100
23
2
0
4
0
100
70
80
25
5
100
100
14
2
0
2
0
100
15
40
50
25
75
75
15
2
0
1
0
100
10
60
50
25
90
90
14
2
0
1
0
100
15
40
25
12
37
37
15
2
0
4
0
100
10
60
50
25
90
90
12
2
0
4
0
100
30
80
50
0
0
0
12
2
0
4
0
100
50
60
50
0
0
0
30
2
0
1
0
100
8
25
100
0
0
0
52
2
0
16
0
100
85
100
10
10
100
100
7
2
0
16
0
100
90
100
100
100
100
100
32
1
1
1
0
100
70
80
0
0
0
0
33
1
1
1
0
100
70
80
0
0
0
0
34
1
1
1
0
100
50
70
0
0
0
0
35
1
1
1
0
100
30
50
0
0
0
0
36
1
1
1
0
100
70
80
0
0
0
0
37
1
1
1
0
100
50
80
0
0
0
0
38
1
1
1
0
100
25
50
0
0
0
0
39
1
1
1
0
100
25
40
0
0
0
0
40
1
1
1
0
100
25
30
0
0
0
0
41
1
1
1
0
100
40
60
0
0
0
0
42
1
1
1
0
100
70
80
0
0
0
0
32
3
0
4
0
100
70
80
25
25
25
25
33
3
0
4
0
100
70
80
25
25
25
25
34
3
0
6
0
100
50
70
25
25
25
25
35
3
0
8
0
100
30
50
25
25
25
25
36
3
0
8
0
100
70
80
25
25
25
25
37
3
0
8
0
100
50
80
25
25
25
25
38
3
0
8
0
100
25
50
25
25
25
25
39
3
0
6
0
100
25
40
25
25
25
25
40
3
0
6
0
100
25
30
25
25
25
25
41
3
0
6
0
100
40
60
25
25
25
25
42
3
0
4
0
100
70
80
25
25
25
25
43
1
2
1
0
100
50
60
0
0
0
0
44
1
2
1
0
100
50
60
0
0
0
0
45
1
2
1
0
100
50
60
0
0
0
0
46
1
2
1
0
100
60
70
0
0
0
0
47
1
2
1
0
100
60
70
0
0
0
0
48
1
2
1
0
100
80
90
0
0
0
0
49
1
2
1
0
100
80
90
0
0
0
0
50
1
2
1
0
100
70
80
0
0
0
0
51
1
2
1
0
100
70
80
0
0
0
0
